           1           0  -29411.5462396800     
           1           1  -1459.15795384000        4680.84305862000     
           2           0  -2487.20205332000     
           2           1   2989.54241192000       -2958.26013677000     
           2           2   1679.01376086000       -709.217807150000     
           3           0   1361.02808191000     
           3           1  -2374.29840392000       -88.6435185200000     
           3           2   1232.64068057000        243.012795770000     
           3           3   538.963575420000       -543.853307640000     
           4           0   904.264078900000     
           4           1   811.100137020000        281.930015610000     
           4           2   92.8693138700000       -165.814688830000     
           4           3  -315.271492750000        195.622870140000     
           4           4   53.7994089200000       -344.165645050000     
           5           0  -234.147149470000     
           5           1   362.493414590000        47.5601228200000     
           5           2   188.605663820000        205.661035430000     
           5           3  -140.819397710000       -120.335456330000     
           5           4  -152.552524110000        28.8244021400000     
           5           5   12.6053383600000        98.5637623900000     
           6           0   66.5608550100000     
           6           1   65.9344212900000       -19.2513887800000     
           6           2   72.4120371800000        26.9671562000000     
           6           3  -123.031116610000        54.2706364000000     
           6           4  -34.6333827000000       -65.3546751700000     
           6           5   13.6059860700000        8.87757710000000     
           6           6  -65.6408004400000        66.9554604800000     
           7           0   80.7698350100000     
           7           1  -76.5050163400000       -52.0456755700000     
           7           2  -8.14733627000000       -17.4398387100000     
           7           3   55.6993178300000        3.07686356000000     
           7           4   15.6052776900000        23.7058716500000     
           7           5   6.94944442000000      -0.915659660000000     
           7           6  -6.40946195000000       -27.3853664900000     
           7           7   8.68381468000000       -2.19704779000000     
           8           0   23.7198194400000     
           8           1   9.52489456000000        8.72762523000000     
           8           2  -17.4396045500000       -15.9665052900000     
           8           3  -1.03258916000000        12.9781441400000     
           8           4  -20.9836773300000       -12.3412675000000     
           8           5   14.8335498100000        15.2408455600000     
           8           6   13.1806502900000        4.16483973000000     
           8           7  -16.5882790300000       -7.38726856000000     
           8           8 -0.756854430000000        2.79870789000000     
           9           0   5.11517820000000     
           9           1   8.46069821000000       -23.1059890100000     
           9           2   2.89132770000000        10.8964219700000     
           9           3  -1.79273096000000        10.2793717000000     
           9           4 -0.789300440000000       -5.54659193000000     
           9           5  -13.2083055500000       -6.38011086000000     
           9           6  0.798883570000000        7.81672166000000     
           9           7   8.85435321000000       0.555236870000000     
           9           8  -9.25310213000000       -1.99165125000000     
           9           9  -11.4820188100000        9.41953828000000     
          10           0  -1.94308384000000     
          10           1  -6.24227185000000        3.42917198000000     
          10           2 -9.541355000000000E-002 -0.259486340000000     
          10           3   1.48048792000000        3.78926580000000     
          10           4 -0.814935590000000        4.71821752000000     
          10           5  0.892285420000000       -8.46486893000000     
          10           6 -0.862598500000000      -0.220420230000000     
          10           7   1.96878016000000       -4.24767787000000     
          10           8   1.62757122000000       -3.33886793000000     
          10           9  -2.25332042000000      -0.317550590000000     
          10          10  -3.84164604000000       -8.81014842000000     
          11           0   2.99128705000000     
          11           1  -1.37256104000000      -2.417256000000000E-002
          11           2  -2.48813354000000        2.42484776000000     
          11           3   2.28544141000000      -0.542968160000000     
          11           4 -0.868056990000000      -0.537193100000000     
          11           5  0.349976260000000       0.661208540000000     
          11           6 -0.678604620000000      -0.206168260000000     
          11           7 -4.744382000000000E-002  -1.76985211000000     
          11           8   1.51319667000000       -1.57183401000000     
          11           9 -0.526337740000000       -2.91801971000000     
          11          10  0.230214850000000       -1.98689522000000     
          11          11   3.17612297000000       -2.53422890000000     
          12           0  -2.05090297000000     
          12           1 -0.141324240000000       -1.14615594000000     
          12           2  0.456293610000000       0.473938770000000     
          12           3   1.28775964000000        1.44461928000000     
          12           4  -1.08920769000000       -1.89901050000000     
          12           5  0.743512050000000       0.123123780000000     
          12           6  0.265297480000000       0.717733770000000     
          12           7  0.496074670000000      -0.145447160000000     
          12           8 -0.288852350000000       0.492457680000000     
          12           9 -0.472462710000000       0.174307280000000     
          12          10  0.142640650000000      -0.920064590000000     
          12          11  -1.08969934000000      -8.610893999999999E-002
          12          12 -0.235421980000000       0.572917150000000     
          13           0  7.521284000000000E-002
          13           1 -0.928726560000000      -0.900851240000000     
          13           2  0.509198080000000       0.624655220000000     
          13           3  0.731766530000000        1.44698605000000     
          13           4 -0.327677690000000      -0.436486730000000     
          13           5  0.797141860000000       -1.28686139000000     
          13           6 -5.464002000000000E-002 -9.297320000000001E-002
          13           7  0.784016220000000       0.316235080000000     
          13           8 -6.720062000000000E-002 -0.101227040000000     
          13           9  0.376611030000000       0.470774320000000     
          13          10  0.119441060000000       0.518480940000000     
          13          11  0.468437250000000      -0.378656510000000     
          13          12 -0.443559580000000      -0.363092220000000     
          13          13 -0.400798820000000      -0.631024710000000     
          14           0 -0.314463290000000     
          14           1  0.284220850000000       0.449017800000000     
          14           2 -0.255593920000000      -0.608224130000000     
          14           3 -0.131624550000000       0.391231790000000     
          14           4 -6.869707000000000E-002  0.549407340000000     
          14           5  0.238540790000000      -0.120397730000000     
          14           6  4.052532000000000E-002  0.321665620000000     
          14           7 -0.127854720000000       0.410025900000000     
          14           8  0.304639040000000       1.215887000000000E-002
          14           9  6.637886000000000E-002  0.387747060000000     
          14          10  0.653561120000000      -2.485523000000000E-002
          14          11 -0.249243200000000       0.259505750000000     
          14          12  0.369655790000000      -0.111177610000000     
          14          13  0.199544670000000      -0.295292570000000     
          14          14 -0.227226940000000      -0.310040390000000     
          15           0  0.173402430000000     
          15           1  0.470820340000000       0.570566080000000     
          15           2  2.461885000000000E-002  4.774751000000000E-002
          15           3  0.424669060000000       0.244237330000000     
          15           4 -0.218287880000000       5.904500000000000E-002
          15           5  0.122434070000000       5.325022000000000E-002
          15           6 -7.587516000000000E-002  0.127477980000000     
          15           7 -7.079493000000001E-002  0.283437910000000     
          15           8  9.309929000000000E-002 -0.144107840000000     
          15           9 -0.248979630000000       0.120232450000000     
          15          10 -0.161889710000000       3.404088000000000E-002
          15          11  0.192206160000000      -0.160777690000000     
          15          12 -1.388606000000000E-002 -0.224127220000000     
          15          13 -2.308500000000000E-002  2.415364000000000E-002
          15          14  0.135194260000000      -8.768582000000000E-002
          15          15 -0.434813160000000       2.045318000000000E-002
          16           0 -0.101982780000000     
          16           1  0.105030970000000       0.307670730000000     
          16           2 -0.346640040000000       0.130889760000000     
          16           3  0.114862890000000       0.280589930000000     
          16           4 -5.839584000000000E-002 -6.882696000000001E-002
          16           5  1.828254000000000E-002 -0.136597280000000     
          16           6  8.734655000000000E-002 -1.811428000000000E-002
          16           7 -1.543133000000000E-002 -8.306141000000000E-002
          16           8  0.213935730000000       1.954930000000000E-002
          16           9 -0.210634330000000       3.502568000000000E-002
          16          10  0.207984490000000      -8.672177000000000E-002
          16          11  0.213398640000000      -3.996412000000000E-002
          16          12 -6.507288999999999E-002 -0.113003120000000     
          16          13 -0.146153780000000      -0.106470940000000     
          16          14 -3.060493000000000E-002  0.165261840000000     
          16          15 -2.673705000000000E-002 -4.931740000000000E-003
          16          16 -0.133349880000000      -5.639878000000000E-002
          17           0 -4.764656000000000E-002
          17           1  6.506010000000000E-003  0.120487440000000     
          17           2 -6.899426000000000E-002 -0.253425190000000     
          17           3  0.299358360000000      -2.572506000000000E-002
          17           4  0.202242330000000      -9.513451000000001E-002
          17           5  1.762998000000000E-002 -0.228900440000000     
          17           6  4.098772000000000E-002 -2.294850000000000E-002
          17           7 -6.555082000000000E-002 -0.290767560000000     
          17           8  0.156248600000000       1.406557000000000E-002
          17           9  9.072924000000000E-002 -4.377653000000000E-002
          17          10  1.609337000000000E-002 -3.623622000000000E-002
          17          11 -0.137193580000000       0.122476140000000     
          17          12 -0.115011380000000       0.107538100000000     
          17          13 -9.503500000000000E-003 -5.206370000000000E-002
          17          14  5.422370000000000E-003 -3.344521000000000E-002
          17          15  5.841750000000000E-002  8.711281000000000E-002
          17          16  1.393160000000000E-002 -0.321158960000000     
          17          17 -0.145044610000000       4.067356000000000E-002
          18           0  0.222618600000000     
          18           1  9.545258000000000E-002  3.215171000000000E-002
          18           2  2.021351000000000E-002  0.136103820000000     
          18           3  0.184475690000000      -4.970800000000000E-002
          18           4 -4.495554000000000E-002  6.588396000000001E-002
          18           5  8.966142000000001E-002 -6.996465000000000E-002
          18           6  0.189225460000000       9.835169000000001E-002
          18           7 -4.500469000000000E-002 -0.204052440000000     
          18           8  4.158048000000000E-002 -0.115842420000000     
          18           9 -5.231604000000000E-002 -0.136848020000000     
          18          10  0.124134940000000       0.172021140000000     
          18          11 -3.987460000000000E-003  0.112575150000000     
          18          12 -5.263250000000000E-002 -0.115088410000000     
          18          13 -1.084502000000000E-002 -5.740657000000000E-002
          18          14  6.221100000000000E-004  0.134186440000000     
          18          15  1.553161000000000E-002 -3.336513000000000E-002
          18          16 -1.859041000000000E-002  4.130557000000000E-002
          18          17  0.102183900000000      -5.802170000000000E-002
          18          18 -2.009193000000000E-002  0.118709880000000     
          19           0 -2.707578000000000E-002
          19           1  0.394257550000000       0.120147560000000     
          19           2 -0.103085960000000       3.317600000000000E-003
          19           3  8.037197000000000E-002 -1.445970000000000E-002
          19           4  5.422852000000000E-002  8.840001000000000E-002
          19           5  6.662638999999999E-002 -0.343828140000000     
          19           6  8.611110000000000E-003 -2.157950000000000E-002
          19           7  0.101186080000000      -0.157293960000000     
          19           8 -8.021240000000001E-003 -2.474250000000000E-002
          19           9  9.499624000000000E-002 -3.969719000000000E-002
          19          10 -7.044323000000000E-002  8.525202000000000E-002
          19          11  3.289737000000000E-002  0.181623100000000     
          19          12 -0.102757000000000       2.426697000000000E-002
          19          13 -1.717965000000000E-002  7.343205000000000E-002
          19          14  9.330773000000001E-002 -0.127899120000000     
          19          15  0.137180430000000       9.903963000000000E-002
          19          16  6.088236000000000E-002 -2.970982000000000E-002
          19          17 -1.982430000000000E-002 -3.097990000000000E-003
          19          18  6.019569000000000E-002 -8.558699000000000E-002
          19          19 -5.828332000000000E-002 -9.387599999999999E-003
          20           0 -5.149266000000000E-002
          20           1  0.222133510000000       2.637863000000000E-002
          20           2 -0.110184110000000       0.202944420000000     
          20           3  0.178742140000000       0.110191220000000     
          20           4 -0.169105360000000      -0.325604250000000     
          20           5  0.313193130000000       2.994945000000000E-002
          20           6  0.221195710000000       8.898927000000000E-002
          20           7 -9.542932000000000E-002  0.137716690000000     
          20           8 -3.387714000000000E-002 -0.167940990000000     
          20           9  5.992077000000000E-002 -0.172544830000000     
          20          10  7.003566000000000E-002 -4.935419000000000E-002
          20          11 -0.157667370000000       2.984614000000000E-002
          20          12 -2.614440000000000E-002  6.204480000000000E-003
          20          13 -9.465890000000000E-002  3.771059000000000E-002
          20          14  5.314325000000000E-002 -0.143595580000000     
          20          15 -8.410440000000000E-003  3.707824000000000E-002
          20          16  1.925271000000000E-002  6.659895000000000E-002
          20          17 -1.461437000000000E-002  2.500655000000000E-002
          20          18 -0.148533440000000       0.157147530000000     
          20          19  4.811524000000000E-002  2.324849000000000E-002
          20          20 -1.143498000000000E-002 -8.474458999999999E-002
