           1           0  -29410.2353084000     
           1           1  -1457.56377197000        4675.54349663000     
           2           0  -2489.42096544000     
           2           1   2988.14155812000       -2964.29102014000     
           2           2   1678.66859836000       -713.745679400000     
           3           0   1361.44907576000     
           3           1  -2375.53792574000       -87.4195260700000     
           3           2   1233.29280314000        242.816930560000     
           3           3   536.581355290000       -543.768853900000     
           4           0   904.030442260000     
           4           1   810.822474570000        281.923004480000     
           4           2   91.6634172000000       -164.484652060000     
           4           3  -314.215299390000        196.370055250000     
           4           4   52.7727766900000       -345.182181290000     
           5           0  -234.194900450000     
           5           1   362.622499000000        47.5658847000000     
           5           2   188.464624920000        206.151722940000     
           5           3  -140.790442420000       -120.489738830000     
           5           4  -152.311233980000        29.4406376800000     
           5           5   12.8146659000000        98.6139882100000     
           6           0   66.4347866600000     
           6           1   65.8649482200000       -19.2343142900000     
           6           2   72.4896656400000        26.6241643300000     
           6           3  -122.754304780000        53.9998613700000     
           6           4  -34.9170957500000       -65.1972798000000     
           6           5   13.5977996100000        8.89394170000000     
           6           6  -65.4715759500000        67.1691252400000     
           7           0   80.7315625800000     
           7           1  -76.5271398200000       -51.9494260700000     
           7           2  -8.16556047000000       -17.3331739000000     
           7           3   55.8475558900000        2.93672597000000     
           7           4   15.6391637300000        23.6760676400000     
           7           5   6.83938621000000       -1.14641412000000     
           7           6  -6.56362364000000       -27.3543878800000     
           7           7   8.87312978000000       -2.13856939000000     
           8           0   23.7028746600000     
           8           1   9.56354995000000        8.67158245000000     
           8           2  -17.4531765400000       -15.8358970700000     
           8           3 -0.933945420000000        12.9532051600000     
           8           4  -20.9991941000000       -12.2323192500000     
           8           5   14.9174902200000        15.1897303200000     
           8           6   13.2668635100000        4.06638110000000     
           8           7  -16.5919504300000       -7.29597213000000     
           8           8 -0.681915190000000        2.81794619000000     
           9           0   5.09992709000000     
           9           1   8.44604589000000       -23.1700141700000     
           9           2   2.88381963000000        10.9234078400000     
           9           3  -1.72992781000000        10.2022769200000     
           9           4 -0.854398310000000       -5.47334569000000     
           9           5  -13.2087179200000       -6.34837790000000     
           9           6  0.850758670000000        7.81271908000000     
           9           7   8.85170688000000       0.528052620000000     
           9           8  -9.25216040000000       -1.89338428000000     
           9           9  -11.5476469400000        9.45724940000000     
          10           0  -1.93253787000000     
          10           1  -6.24207818000000        3.42645452000000     
          10           2 -9.850037000000000E-002 -0.249190440000000     
          10           3   1.51424765000000        3.74134492000000     
          10           4 -0.825317710000000        4.74040210000000     
          10           5  0.846783410000000       -8.49275572000000     
          10           6 -0.868673380000000      -0.199711860000000     
          10           7   1.95379669000000       -4.25030982000000     
          10           8   1.59144085000000       -3.35726678000000     
          10           9  -2.27360432000000      -0.277164380000000     
          10          10  -3.84482373000000       -8.81667108000000     
          11           0   2.99086242000000     
          11           1  -1.37023194000000      -2.279316000000000E-002
          11           2  -2.49279577000000        2.43971824000000     
          11           3   2.29393439000000      -0.542683540000000     
          11           4 -0.866415190000000      -0.511548720000000     
          11           5  0.337046900000000       0.655451560000000     
          11           6 -0.676576210000000      -0.208303350000000     
          11           7 -5.380530000000000E-002  -1.75090310000000     
          11           8   1.50099653000000       -1.57818406000000     
          11           9 -0.539726160000000       -2.92976306000000     
          11          10  0.220458080000000       -1.98433854000000     
          11          11   3.16098910000000       -2.53442298000000     
          12           0  -2.04934373000000     
          12           1 -0.139795050000000       -1.14747526000000     
          12           2  0.453427710000000       0.478731860000000     
          12           3   1.28811482000000        1.42971131000000     
          12           4  -1.09773803000000       -1.88332445000000     
          12           5  0.737655420000000       0.116382340000000     
          12           6  0.274236530000000       0.716023200000000     
          12           7  0.494599240000000      -0.146725160000000     
          12           8 -0.282897540000000       0.502770490000000     
          12           9 -0.472407970000000       0.171907850000000     
          12          10  0.135263730000000      -0.921271830000000     
          12          11  -1.09582457000000      -8.058398999999999E-002
          12          12 -0.250140850000000       0.562505480000000     
          13           0  7.942858999999999E-002
          13           1 -0.929027740000000      -0.900264170000000     
          13           2  0.513757560000000       0.631456870000000     
          13           3  0.735533750000000        1.43958546000000     
          13           4 -0.323144750000000      -0.431384040000000     
          13           5  0.787417480000000       -1.28904923000000     
          13           6 -4.756586000000000E-002 -9.303384000000001E-002
          13           7  0.780794160000000       0.311662740000000     
          13           8 -6.495955000000000E-002 -0.104307980000000     
          13           9  0.375282530000000       0.470787670000000     
          13          10  0.121880290000000       0.521253740000000     
          13          11  0.467651360000000      -0.384232480000000     
          13          12 -0.447499690000000      -0.359598680000000     
          13          13 -0.402734850000000      -0.626110050000000     
          14           0 -0.313232630000000     
          14           1  0.283723810000000       0.451323900000000     
          14           2 -0.255454140000000      -0.607309020000000     
          14           3 -0.131197670000000       0.390576350000000     
          14           4 -6.713938000000000E-002  0.553041060000000     
          14           5  0.238565240000000      -0.122606710000000     
          14           6  4.198839000000000E-002  0.321259060000000     
          14           7 -0.127197780000000       0.412696130000000     
          14           8  0.303664620000000       9.138120000000000E-003
          14           9  6.713284999999999E-002  0.388037750000000     
          14          10  0.651449350000000      -2.873166000000000E-002
          14          11 -0.247424690000000       0.261871800000000     
          14          12  0.371594820000000      -0.114166530000000     
          14          13  0.199317560000000      -0.295828720000000     
          14          14 -0.230986830000000      -0.304388690000000     
          15           0  0.172719890000000     
          15           1  0.471923130000000       0.571149040000000     
          15           2  2.327972000000000E-002  4.798820000000000E-002
          15           3  0.425560110000000       0.244143720000000     
          15           4 -0.220444680000000       5.985328000000000E-002
          15           5  0.122523970000000       5.261874000000000E-002
          15           6 -7.540297999999999E-002  0.127527300000000     
          15           7 -6.972043000000000E-002  0.282770390000000     
          15           8  9.188027000000000E-002 -0.143269260000000     
          15           9 -0.248199320000000       0.120026290000000     
          15          10 -0.161127190000000       3.397355000000000E-002
          15          11  0.191369680000000      -0.161968060000000     
          15          12 -1.275583000000000E-002 -0.223336060000000     
          15          13 -2.277543000000000E-002  2.108201000000000E-002
          15          14  0.134768210000000      -8.854143000000000E-002
          15          15 -0.438695050000000       2.459230000000000E-002
          16           0 -0.102513370000000     
          16           1  0.104473700000000       0.309012450000000     
          16           2 -0.346979400000000       0.130679000000000     
          16           3  0.115034450000000       0.280029340000000     
          16           4 -5.973270000000000E-002 -6.855870999999999E-002
          16           5  1.756268000000000E-002 -0.137507820000000     
          16           6  8.747543000000001E-002 -1.768297000000000E-002
          16           7 -1.523311000000000E-002 -8.307565000000000E-002
          16           8  0.214751850000000       1.996732000000000E-002
          16           9 -0.210897230000000       3.505076000000000E-002
          16          10  0.208028620000000      -8.610679000000000E-002
          16          11  0.213743420000000      -4.023020000000000E-002
          16          12 -6.609276000000000E-002 -0.112597190000000     
          16          13 -0.146094290000000      -0.106006340000000     
          16          14 -2.999151000000000E-002  0.163359820000000     
          16          15 -2.743755000000000E-002 -5.017700000000000E-003
          16          16 -0.133720450000000      -5.427115000000000E-002
          17           0 -4.777714000000000E-002
          17           1  5.967180000000000E-003  0.121254130000000     
          17           2 -6.927306000000000E-002 -0.253151460000000     
          17           3  0.299680810000000      -2.558396000000000E-002
          17           4  0.202006490000000      -9.497982000000001E-002
          17           5  1.751311000000000E-002 -0.229690420000000     
          17           6  4.116043000000000E-002 -2.289208000000000E-002
          17           7 -6.576746000000000E-002 -0.290730060000000     
          17           8  0.156266250000000       1.449681000000000E-002
          17           9  9.059803000000000E-002 -4.376780000000000E-002
          17          10  1.629600000000000E-002 -3.575915000000000E-002
          17          11 -0.137331790000000       0.122283870000000     
          17          12 -0.114954100000000       0.107237380000000     
          17          13 -1.002330000000000E-002 -5.192896000000000E-002
          17          14  5.209280000000000E-003 -3.269214000000000E-002
          17          15  5.902545000000000E-002  8.656888000000000E-002
          17          16  1.361076000000000E-002 -0.320787070000000     
          17          17 -0.144982630000000       4.245951000000000E-002
          18           0  0.222720910000000     
          18           1  9.508785000000000E-002  3.284049000000000E-002
          18           2  2.054505000000000E-002  0.136347270000000     
          18           3  0.184727080000000      -4.994837000000000E-002
          18           4 -4.537067000000000E-002  6.604059000000000E-002
          18           5  8.970675000000000E-002 -7.040261000000000E-002
          18           6  0.189560960000000       9.858610000000000E-002
          18           7 -4.477459000000000E-002 -0.204019560000000     
          18           8  4.142857000000000E-002 -0.115525930000000     
          18           9 -5.223571000000000E-002 -0.137033660000000     
          18          10  0.124356050000000       0.172067350000000     
          18          11 -3.915330000000000E-003  0.112580820000000     
          18          12 -5.252445000000000E-002 -0.114930390000000     
          18          13 -1.046765000000000E-002 -5.766201000000000E-002
          18          14  5.093100000000000E-004  0.134068660000000     
          18          15  1.533816000000000E-002 -3.274966000000000E-002
          18          16 -1.869450000000000E-002  4.083754000000000E-002
          18          17  0.101622550000000      -5.822021000000000E-002
          18          18 -1.971064000000000E-002  0.119065970000000     
          19           0 -2.719775000000000E-002
          19           1  0.394188620000000       0.120183050000000     
          19           2 -0.103162690000000       3.154020000000000E-003
          19           3  8.044010000000000E-002 -1.441788000000000E-002
          19           4  5.420397000000000E-002  8.839698999999999E-002
          19           5  6.688694000000001E-002 -0.343951470000000     
          19           6  8.778950000000001E-003 -2.175105000000000E-002
          19           7  0.101276890000000      -0.157360470000000     
          19           8 -8.079400000000000E-003 -2.462701000000000E-002
          19           9  9.500633999999999E-002 -3.958063000000000E-002
          19          10 -7.030945000000000E-002  8.523190999999999E-002
          19          11  3.278784000000000E-002  0.181834740000000     
          19          12 -0.102761930000000       2.447516000000000E-002
          19          13 -1.706978000000000E-002  7.350025000000000E-002
          19          14  9.329245000000000E-002 -0.127951380000000     
          19          15  0.137303340000000       9.903138000000000E-002
          19          16  6.078922000000000E-002 -2.945450000000000E-002
          19          17 -1.959726000000000E-002 -3.231600000000000E-003
          19          18  6.001723000000000E-002 -8.584499000000000E-002
          19          19 -5.835961000000000E-002 -9.183230000000001E-003
          20           0 -5.139582000000000E-002
          20           1  0.222233530000000       2.646478000000000E-002
          20           2 -0.110056450000000       0.202849080000000     
          20           3  0.178754160000000       0.110008540000000     
          20           4 -0.169428700000000      -0.325672920000000     
          20           5  0.313335190000000       2.992249000000000E-002
          20           6  0.221133070000000       8.893400999999999E-002
          20           7 -9.545539000000000E-002  0.137808060000000     
          20           8 -3.376133000000000E-002 -0.167941220000000     
          20           9  5.991142000000000E-002 -0.172505390000000     
          20          10  6.991033000000001E-002 -4.930436000000000E-002
          20          11 -0.157769960000000       2.978557000000000E-002
          20          12 -2.613017000000000E-002  6.233080000000000E-003
          20          13 -9.460571000000000E-002  3.769169000000000E-002
          20          14  5.313029000000000E-002 -0.143742320000000     
          20          15 -8.422100000000000E-003  3.727522000000000E-002
          20          16  1.915981000000000E-002  6.672488000000000E-002
          20          17 -1.455590000000000E-002  2.488702000000000E-002
          20          18 -0.148597360000000       0.157100840000000     
          20          19  4.801555000000000E-002  2.321668000000000E-002
          20          20 -1.161637000000000E-002 -8.461038000000000E-002
