           1           0  -29410.8947778600     
           1           1  -1458.35287915000        4678.17686078000     
           2           0  -2488.31147523000     
           2           1   2988.84005448000       -2961.27326707000     
           2           2   1678.84589133000       -711.469024270000     
           3           0   1361.24104881000     
           3           1  -2374.91998034000       -88.0312427400000     
           3           2   1232.96688779000        242.915176200000     
           3           3   537.775827560000       -543.820186490000     
           4           0   904.148848160000     
           4           1   810.962302910000        281.924076600000     
           4           2   92.2668281100000       -165.151785240000     
           4           3  -314.743223260000        195.995577850000     
           4           4   53.2936075800000       -344.667200480000     
           5           0  -234.171312450000     
           5           1   362.557821100000        47.5638326600000     
           5           2   188.534594090000        205.906073220000     
           5           3  -140.804510110000       -120.409817110000     
           5           4  -152.432265140000        29.1337137200000     
           5           5   12.7081580400000        98.5855053400000     
           6           0   66.4975169100000     
           6           1   65.8993621500000       -19.2421228100000     
           6           2   72.4498045700000        26.7965426300000     
           6           3  -122.892097000000        54.1354334800000     
           6           4  -34.7764845600000       -65.2771353200000     
           6           5   13.6015543600000        8.88596286000000     
           6           6  -65.5550957200000        67.0631863900000     
           7           0   80.7507803400000     
           7           1  -76.5162287600000       -51.9973969900000     
           7           2  -8.15684810000000       -17.3865084100000     
           7           3   55.7738214400000        3.00636174000000     
           7           4   15.6220777200000        23.6907725900000     
           7           5   6.89471402000000       -1.03095951000000     
           7           6  -6.48684752000000       -27.3701690900000     
           7           7   8.77813073000000       -2.16776038000000     
           8           0   23.7114039700000     
           8           1   9.54413317000000        8.69936567000000     
           8           2  -17.4466108700000       -15.9012664800000     
           8           3 -0.983187470000000        12.9657721300000     
           8           4  -20.9913971800000       -12.2866359600000     
           8           5   14.8755711100000        15.2153992800000     
           8           6   13.2237517100000        4.11568027000000     
           8           7  -16.5902107000000       -7.34152701000000     
           8           8 -0.719353610000000        2.80820945000000     
           9           0   5.10759649000000     
           9           1   8.45337240000000       -23.1381025600000     
           9           2   2.88755594000000        10.9097037000000     
           9           3  -1.76118469000000        10.2407650900000     
           9           4 -0.821939270000000       -5.51003548000000     
           9           5  -13.2085154300000       -6.36435068000000     
           9           6  0.824815970000000        7.81483375000000     
           9           7   8.85313910000000       0.541707310000000     
           9           8  -9.25279012000000       -1.94249971000000     
           9           9  -11.5147820700000        9.43859577000000     
          10           0  -1.93788290000000     
          10           1  -6.24214215000000        3.42790208000000     
          10           2 -9.708747000000000E-002 -0.254364850000000     
          10           3   1.49754307000000        3.76538566000000     
          10           4 -0.820158030000000        4.72926680000000     
          10           5  0.869574000000000       -8.47881748000000     
          10           6 -0.865673210000000      -0.210042680000000     
          10           7   1.96135602000000       -4.24901654000000     
          10           8   1.60946764000000       -3.34812155000000     
          10           9  -2.26351480000000      -0.297345740000000     
          10          10  -3.84332131000000       -8.81335263000000     
          11           0   2.99106498000000     
          11           1  -1.37138590000000      -2.350306000000000E-002
          11           2  -2.49051845000000        2.43229238000000     
          11           3   2.28971199000000      -0.542801030000000     
          11           4 -0.867309080000000      -0.524353450000000     
          11           5  0.343522230000000       0.658342950000000     
          11           6 -0.677607490000000      -0.207212990000000     
          11           7 -5.067772000000000E-002  -1.76037741000000     
          11           8   1.50712291000000       -1.57500634000000     
          11           9 -0.533058260000000       -2.92397251000000     
          11          10  0.225329080000000       -1.98563143000000     
          11          11   3.16856611000000       -2.53443924000000     
          12           0  -2.05011895000000     
          12           1 -0.140557070000000       -1.14684320000000     
          12           2  0.454893200000000       0.476335420000000     
          12           3   1.28796259000000        1.43716605000000     
          12           4  -1.09348908000000       -1.89117265000000     
          12           5  0.740585740000000       0.119736340000000     
          12           6  0.269760390000000       0.716897730000000     
          12           7  0.495335040000000      -0.146099140000000     
          12           8 -0.285892590000000       0.497615860000000     
          12           9 -0.472450360000000       0.173101930000000     
          12          10  0.138987090000000      -0.920672250000000     
          12          11  -1.09277489000000      -8.336312000000000E-002
          12          12 -0.242741500000000       0.567733850000000     
          13           0  7.731928000000000E-002
          13           1 -0.928877790000000      -0.900569450000000     
          13           2  0.511480350000000       0.628055500000000     
          13           3  0.733666730000000        1.44329245000000     
          13           4 -0.325419680000000      -0.433940900000000     
          13           5  0.792297260000000       -1.28796627000000     
          13           6 -5.110684000000000E-002 -9.300682000000000E-002
          13           7  0.782422960000000       0.313944890000000     
          13           8 -6.607850999999999E-002 -0.102774220000000     
          13           9  0.375955110000000       0.470781150000000     
          13          10  0.120659330000000       0.519858430000000     
          13          11  0.468056440000000      -0.381429170000000     
          13          12 -0.445531590000000      -0.361343300000000     
          13          13 -0.401771140000000      -0.628569490000000     
          14           0 -0.313849700000000     
          14           1  0.283973960000000       0.450164370000000     
          14           2 -0.255528690000000      -0.607766890000000     
          14           3 -0.131411850000000       0.390906670000000     
          14           4 -6.791853000000000E-002  0.551219570000000     
          14           5  0.238557860000000      -0.121497370000000     
          14           6  4.125566000000000E-002  0.321462740000000     
          14           7 -0.127528020000000       0.411360130000000     
          14           8  0.304156050000000       1.064756000000000E-002
          14           9  6.675857000000000E-002  0.387892700000000     
          14          10  0.652511790000000      -2.679274000000000E-002
          14          11 -0.248332860000000       0.260690440000000     
          14          12  0.370622380000000      -0.112676150000000     
          14          13  0.199429680000000      -0.295560440000000     
          14          14 -0.229113730000000      -0.307231250000000     
          15           0  0.173062280000000     
          15           1  0.471371110000000       0.570855900000000     
          15           2  2.395223000000000E-002  4.786664000000000E-002
          15           3  0.425110250000000       0.244191680000000     
          15           4 -0.219367950000000       5.944693000000000E-002
          15           5  0.122480120000000       5.293863000000000E-002
          15           6 -7.563974000000000E-002  0.127504030000000     
          15           7 -7.025845999999999E-002  0.283105810000000     
          15           8  9.248967000000000E-002 -0.143689000000000     
          15           9 -0.248591790000000       0.120130410000000     
          15          10 -0.161508850000000       3.400974000000000E-002
          15          11  0.191788530000000      -0.161373230000000     
          15          12 -1.332280000000000E-002 -0.223728880000000     
          15          13 -2.292698000000000E-002  2.261894000000000E-002
          15          14  0.134982600000000      -8.811619000000000E-002
          15          15 -0.436754660000000       2.251411000000000E-002
          16           0 -0.102247270000000     
          16           1  0.104752880000000       0.308340840000000     
          16           2 -0.346808410000000       0.130784130000000     
          16           3  0.114948280000000       0.280311300000000     
          16           4 -5.906326000000000E-002 -6.869338999999999E-002
          16           5  1.792297000000000E-002 -0.137051400000000     
          16           6  8.741019999999999E-002 -1.789847000000000E-002
          16           7 -1.533239000000000E-002 -8.306823000000001E-002
          16           8  0.214342540000000       1.975807000000000E-002
          16           9 -0.210766000000000       3.503895000000000E-002
          16          10  0.208005740000000      -8.641407000000000E-002
          16          11  0.213570740000000      -4.009678000000000E-002
          16          12 -6.558331000000001E-002 -0.112800820000000     
          16          13 -0.146125590000000      -0.106238930000000     
          16          14 -3.029604000000000E-002  0.164313620000000     
          16          15 -2.708596000000000E-002 -4.973520000000000E-003
          16          16 -0.133535860000000      -5.533605000000000E-002
          17           0 -4.771202000000000E-002
          17           1  6.237210000000000E-003  0.120870260000000     
          17           2 -6.913376000000000E-002 -0.253288560000000     
          17           3  0.299518700000000      -2.565452000000000E-002
          17           4  0.202124410000000      -9.505680000000000E-002
          17           5  1.757276000000000E-002 -0.229294250000000     
          17           6  4.107364000000000E-002 -2.292085000000000E-002
          17           7 -6.565861000000001E-002 -0.290748860000000     
          17           8  0.156257130000000       1.428039000000000E-002
          17           9  9.066415000000000E-002 -4.377220000000000E-002
          17          10  1.619443000000000E-002 -3.599785000000000E-002
          17          11 -0.137262180000000       0.122380070000000     
          17          12 -0.114982140000000       0.107388120000000     
          17          13 -9.763100000000000E-003 -5.199663000000000E-002
          17          14  5.315070000000000E-003 -3.306935000000000E-002
          17          15  5.872105000000000E-002  8.684102000000000E-002
          17          16  1.377088000000000E-002 -0.320972390000000     
          17          17 -0.145013880000000       4.156534000000000E-002
          18           0  0.222669690000000     
          18           1  9.527070000000000E-002  3.249496000000000E-002
          18           2  2.037892000000000E-002  0.136224970000000     
          18           3  0.184601140000000      -4.982794000000000E-002
          18           4 -4.516283000000000E-002  6.596183000000000E-002
          18           5  8.968433000000001E-002 -7.018330000000000E-002
          18           6  0.189392870000000       9.846849000000001E-002
          18           7 -4.488998000000000E-002 -0.204036200000000     
          18           8  4.150457000000000E-002 -0.115684310000000     
          18           9 -5.227599000000000E-002 -0.136940900000000     
          18          10  0.124245330000000       0.172044660000000     
          18          11 -3.951330000000000E-003  0.112577820000000     
          18          12 -5.257833000000000E-002 -0.115009710000000     
          18          13 -1.065616000000000E-002 -5.753404000000000E-002
          18          14  5.663800000000000E-004  0.134127580000000     
          18          15  1.543508000000000E-002 -3.305738000000000E-002
          18          16 -1.864254000000000E-002  4.107156000000000E-002
          18          17  0.101902790000000      -5.812146000000000E-002
          18          18 -1.990170000000000E-002  0.118887780000000     
          19           0 -2.713669000000000E-002
          19           1  0.394222910000000       0.120165240000000     
          19           2 -0.103124360000000       3.235930000000000E-003
          19           3  8.040593000000000E-002 -1.443862000000000E-002
          19           4  5.421627000000000E-002  8.839829000000000E-002
          19           5  6.675655000000000E-002 -0.343889610000000     
          19           6  8.695260000000000E-003 -2.166517000000000E-002
          19           7  0.101231290000000      -0.157327430000000     
          19           8 -8.050210000000000E-003 -2.468496000000000E-002
          19           9  9.500119000000000E-002 -3.963903000000000E-002
          19          10 -7.037649999999999E-002  8.524167000000001E-002
          19          11  3.284262000000000E-002  0.181728820000000     
          19          12 -0.102759230000000       2.437108000000000E-002
          19          13 -1.712490000000000E-002  7.346589000000001E-002
          19          14  9.330018000000000E-002 -0.127925550000000     
          19          15  0.137241940000000       9.903555000000000E-002
          19          16  6.083581000000000E-002 -2.958213000000000E-002
          19          17 -1.971083000000000E-002 -3.164860000000000E-003
          19          18  6.010642000000000E-002 -8.571590000000000E-002
          19          19 -5.832144000000000E-002 -9.285300000000000E-003
          20           0 -5.144422000000000E-002
          20           1  0.222183510000000       2.642168000000000E-002
          20           2 -0.110120280000000       0.202896810000000     
          20           3  0.178748130000000       0.110099870000000     
          20           4 -0.169266940000000      -0.325638570000000     
          20           5  0.313264100000000       2.993587000000000E-002
          20           6  0.221164340000000       8.896169000000000E-002
          20           7 -9.544242000000000E-002  0.137762470000000     
          20           8 -3.381927000000000E-002 -0.167941140000000     
          20           9  5.991613000000000E-002 -0.172525070000000     
          20          10  6.997306000000000E-002 -4.932932000000000E-002
          20          11 -0.157718720000000       2.981581000000000E-002
          20          12 -2.613733000000000E-002  6.218790000000000E-003
          20          13 -9.463240000000001E-002  3.770121000000000E-002
          20          14  5.313674000000000E-002 -0.143669000000000     
          20          15 -8.416220000000000E-003  3.717670000000000E-002
          20          16  1.920631000000000E-002  6.666188000000001E-002
          20          17 -1.458510000000000E-002  2.494668000000000E-002
          20          18 -0.148565360000000       0.157124090000000     
          20          19  4.806538000000000E-002  2.323261000000000E-002
          20          20 -1.152569000000000E-002 -8.467742000000000E-002
